3 6 1 0 0 0 1 9 1 0 0 0 0 7 1 0 0 0 0 
3 12 1 0 0 0 1 13 1 0 0 0 1 7 1 0 0 0 0 
5 1 1 0 0 0 1 2 1 0 0 0 1 3 1 0 0 0 1 4 1 0 0 0 1 5 1 0 0 0 0 
7 2 1 0 0 0 1 3 1 0 0 0 1 1 1 0 0 0 1 7 1 0 0 0 1 1 1 0 0 0 1 8 1 0 0 0 1 2 1 0 0 0 0 
9 3 1 0 0 0 1 1 1 0 0 0 1 2 1 0 0 0 1 3 1 0 0 0 1 4 1 0 0 0 1 12 1 0 0 0 1 13 1 0 0 0 1 11 1 0 0 0 1 9 1 0 0 0 0 
22 2 1 0 0 0 1 3 1 0 0 0 1 4 1 0 0 0 1 5 1 0 0 0 1 6 1 0 0 0 1 7 1 0 0 0 1 8 1 0 0 0 1 9 1 0 0 0 1 10 1 0 0 0 1 11 1 0 0 0 1 12 1 0 0 0 1 13 1 0 0 0 1 10 1 0 0 0 1 11 1 0 0 0 1 12 1 0 0 0 1 13 1 0 0 0 1 8 1 0 0 0 1 11 1 0 0 0 1 5 1 0 0 0 0 13 1 0 0 0 0 12 1 0 0 0 0 5 1 0 0 0 0 
9 2 1 0 0 0 1 3 1 0 0 0 1 4 1 0 0 0 1 5 1 0 0 0 1 6 1 0 0 0 1 7 1 0 0 0 1 8 1 0 0 0 1 9 1 0 0 0 1 10 1 0 0 0 1 
10 10 1 0 0 0 1 4 1 0 0 0 1 5 1 0 0 0 1 6 1 0 0 0 1 7 1 0 0 0 1 8 1 0 0 0 1 11 1 0 0 0 0 9 1 0 0 0 0 4 1 0 0 0 0 8 1 0 0 0 0 
2 10 1 0 0 0 1 1 1 0 0 0 1 
21 10 1 0 0 0 1 1 1 0 0 0 1 2 1 0 0 0 1 3 1 0 0 0 1 4 1 0 0 0 1 5 1 0 0 0 1 6 1 0 0 0 1 7 1 0 0 0 1 8 1 0 0 0 1 9 1 0 0 0 1 10 1 0 0 0 1 11 1 0 0 0 1 12 1 0 0 0 1 11 1 0 0 0 1 12 1 0 0 0 1 13 1 0 0 0 1 6 1 0 0 0 1 6 1 0 0 0 0 1 1 0 0 0 0 9 1 0 0 0 0 13 1 0 0 0 0 
0 
1 
60 
1 
